0
5.00317001400665869534627315571
6.87039121695443194852465216240
8.014330807872879223418899196928
9.933098353605351714295524224830
10.77513816254080044575148887495
11.75732472284977634676677942867
12.95838641388284594767331070614
15.60385787320431886505786442681
16.19201741687448195508003517837
17.1416937
18.0636542
18.7871956
19.8148222
21.3228003
22.6204303
23.3283105
24.1692316
25.6571662
26.8144685
27.3390716
28.1901904
29.0296616
29.2816677
30.8957602
32.0424399
33.4406498
34.3633417
34.6361210
35.4618329
36.1636710
37.0842827
38.4681557
39.0020759
39.6039421
40.6485534
41.6524727
42.5752650
44.0340399
44.2358179
45.3933600
45.5650607
46.6533752
46.9573977
47.5745033
49.3416709
50.2190933
51.0026589
51.7191885
52.4108896
53.0013254
54.0391875
54.9774138
55.2914531
56.2573193
56.9571572
57.7147269
58.3987449
59.0956664
60.6675606
61.4454612
62.2946614
62.6395385
63.0386056
63.8838496
64.3441104
65.3794473
66.0690496
67.2153266
68.0844307
68.4004768
69.5274511
70.1948117
70.8170292
71.4582451
72.7000757
73.2782350
73.7505392
74.1540116
74.8653855
75.5242684
76.4412867
77.7556134
78.5299780
79.1518479
79.7878870
80.6129029
81.1431496
81.3378372
82.1672840
83.0932237
83.8602433
84.5744258
85.4638214
86.1928994
86.4048915
87.3145208
88.4779224
89.2714478
89.9257267